100
770588 969674 651 9959
713599 42238 584 9960
509828 188608 563 9934
739911 485470 533 9908
179761 495868 589 8406
133687 700104 641 9281
969483 95192 333 9980
876736 983220 865 9964
555992 967140 47 8940
13526 895393 884 408
0 0 420 1
902057 303546 649 6767
34871 105078 224 9240
78933 863025 356 2174
222544 101304 352 148
906046 126488 965 3807
482372 173271 341 9920
600254 37013 693 9978
499451 0 626 1
421284 730736 319 9940
531203 508940 450 2678
382965 510500 144 9974
830790 673009 42 3917
441296 156089 525 1902
812840 80821 492 331
493567 740334 39 2850
749640 168558 535 9218
747898 724978 692 9955
0 0 100 199
411134 487207 52 7015
0 0 1000 10000
798422 47481 808 440
651354 208154 84 9982
741938 915583 292 3534
673908 433245 498 9960
980856 915829 848 4121
749601 373191 931 4517
744595 737743 234 6046
615654 967747 124 9970
966060 2033 179 9935
402596 216063 446 7276
100944 274063 394 3712
887264 443820 436 582
600096 802385 502 7054
436705 829893 643 9981
927007 0 551 1
93541 968581 896 9915
747707 665568 992 9930
0 898474 345 1569
65908 92661 189 6692
879624 607597 477 424
834327 811673 322 9916
0 357976 775 1
548251 29522 365 7984
102934 242117 566 9905
768227 273070 249 9971
77458 575690 756 9963
547716 98066 781 9943
217814 438051 803 882
918551 860152 656 9910
477187 349804 403 9942
0 0 10 5
877183 661645 270 9057
816761 569572 338 9949
477423 414340 859 1447
0 0 344 9308
120447 438171 299 385
742696 929855 258 8970
452594 379555 263 9938
942850 559370 678 9916
663177 521316 509 9985
956404 311639 372 9973
537157 453214 823 8128
266424 510019 67 9965
588109 102950 599 9988
473910 839020 781 8056
885528 448432 304 9955
646873 690038 124 9984
999635 857989 981 9967
483839 562107 588 9991
493431 68360 154 9626
371847 866991 820 9961
194166 452968 517 3728
155088 331901 219 1725
57789 318758 467 2199
981462 966036 753 9991
888680 862944 646 9742
483664 329130 249 9982
774767 666005 398 3044
460256 691106 959 9971
279921 93822 699 8733
183020 329253 337 9931
802111 0 48 4050
68722 87601 329 9962
511577 786643 960 9999
807213 245414 874 9997
640399 908342 36 3901
297880 145616 155 7013
521916 744835 176 9921
15773 608811 419 2241
