100
0 0 1000 10000
898693 894724 7 9369
104 285497 283 6879
909137 743489 988 9991
387353 916087 373 3516
44178 98876 224 6929
0 0 10 5
818867 41511 764 9449
747262 0 161 1
314393 691431 925 5956
708151 473724 118 9964
758973 819993 886 2974
986230 400922 158 9352
969447 174755 478 6944
131953 567047 170 6153
855213 478631 750 9977
60350 261899 838 9980
305989 56007 438 9946
62390 210191 111 6874
112885 198333 402 2087
454385 578727 84 9917
194219 890163 906 6422
907617 783567 62 9949
641095 204971 783 9965
707522 0 844 8767
0 157779 862 8382
870277 21971 384 9951
0 0 100 199
608885 801640 992 2465
497586 633734 749 3839
461718 901569 169 9969
166473 315392 344 5539
605100 283586 140 9925
812172 217538 717 8658
588342 427279 116 9329
752617 40110 829 5802
0 0 358 1
524035 770472 955 9971
182390 837331 950 9988
112844 458086 189 7165
931190 436600 317 8749
430187 986334 771 7442
0 294257 128 1
490689 234369 515 9948
701932 62494 40 6395
312849 42413 657 9945
952610 419292 267 1447
243564 199526 626 6091
104241 639026 783 9968
477600 473250 95 9929
971192 705516 929 9920
0 0 421 487
593208 787649 304 9940
143692 384758 238 7738
788999 101400 154 9649
797898 143010 146 9925
416935 657667 718 3895
16527 960172 697 6817
395617 421666 496 9928
756583 232593 877 9420
524957 571181 259 936
22609 867599 288 9976
518377 456185 444 9963
976287 237681 995 8799
516685 24454 506 9928
264219 425524 48 9992
989105 291581 675 5313
894098 599052 188 9979
334194 53779 143 899
831504 692714 260 9964
323483 401292 174 1123
193664 345938 176 9921
889647 146876 143 9919
737435 593148 162 9970
262456 872168 974 9932
811393 460742 47 9015
623165 398028 244 9971
726764 91802 105 994
423147 195989 146 9924
318180 821106 155 9969
25974 146830 455 175
502987 551039 620 9914
377199 313251 310 9932
269368 0 456 1
322400 134496 847 9961
426163 949263 437 9933
572549 132119 180 4813
624427 385779 31 9419
999361 75433 894 9937
586041 372017 169 9938
673375 808869 827 9965
510917 361193 341 3572
384705 64325 394 3042
200275 484537 275 2361
325712 877823 230 9926
122589 351191 581 7489
160401 413682 349 9959
253001 102801 427 9166
470599 199540 259 9941
243545 580159 189 9911
